276.032
570.551
91.5111
341.903
558.067
89.7342
624.847
673.174
173.786
270.816
453.867
21.5373
82.1702
47.2499
126.901
485.665
133.405
69.4465
440.49
591.538
350.782
107.824
502.881
161.595
543.4
356.906
633.795
239.805
617.558
156.54
298.656
216.59
50.0912
388.167
556.494
606.158
475.901
504.341
602.332
647.688
98.1561
379.199
667.225
178.326
424.449
117.126
661.991
555.854
184.572
425.481
470.392
533.354
531.306
296.273
17.949
397.706
651.179
649.744
635.511
591.737
129.285
257.167
131.327
177.376
